197
293   
42   
856   
686   
648   
416   
129   
546   
255   
983   
823   
904   
268   
43   
637   
630   
929   
653   
949   
701   
51   
25   
555   
749   
22   
169   
291   
325   
545   
695   
604   
605   
625   
110   
194   
456   
41   
7   
789   
235   
241   
59   
157   
901   
195   
35   
106   
187   
981   
164   
680   
821   
635   
9   
833   
334   
462   
67   
503   
196   
966   
768   
81   
683   
284   
17   
442   
484   
843   
725   
639   
124   
776   
80   
220   
986   
891   
825   
606   
994   
399   
541   
636   
432   
14   
270   
23   
477   
722   
257   
992   
621   
317   
848   
663   
644   
656   
975   
853